62 65 67 70 73 75
68 71 73 76 78
77 80 81 82
44 47 48 51 53
16 18 21 22
24 25 26 28 31 34
63 64 67 69 70 71 74
87 89 90 91
30 33 34 36
58 59 61 64 66
22 21 18 17 16 15
86 83 81 78 77 76 73
90 88 85 82 81 78 75
88 86 85 82 79 76
90 88 87 86
32 29 28 26
39 36 33 31 29
27 25 22 19
62 59 56 55
87 86 83 81 80 79 78
41 38 36 33 31 28
47 48 50 52 55
64 67 70 71 72
76 77 80 83 84 87 90
77 79 82 85 86 87 88
44 46 47 49
20 22 24 25
18 19 20 22 24 27 29
23 24 25 28 30
59 61 62 65 67 69
69 70 72 73 76
29 31 32 34 35
23 26 27 29 30
23 21 18 15 12 11
86 85 82 79 77
24 23 20 19 17
89 87 86 84 81 78
83 81 80 78
21 20 18 15 12 10 7
81 78 77 75
21 23 24 25
30 29 26 24 21 20
79 76 75 72 70
68 65 64 61 59
76 75 72 69 66 64 61
35 36 39 40
70 67 64 61 60
58 56 53 52
17 15 14 11 9
76 73 71 68 66 65
5 6 9 11 12 15
47 50 52 53 54 55
82 85 88 90 92
47 44 42 39 37
13 10 9 6 4 1
37 38 41 44 45 46
66 64 61 59 57 56
38 35 32 29 28 25 24 21
31 32 35 38 41 42 43
50 49 46 44 41 39
37 39 40 41 43 44 47 48
58 55 53 52 49 46 43
70 73 76 79 80 81
43 41 38 36 33 32 29
40 37 35 34 33
22 21 18 15 14 13 12 9
26 25 22 21 18
23 21 20 19 16 15 12
98 96 95 94 91
67 70 72 75 77 79 80 82
92 90 87 84 81
73 70 69 67 65 63 60 59
24 27 28 30 33 36 39 42
18 15 13 11 10 8 7
82 79 77 76 73 71 69 66
2 4 6 8 10
44 42 39 36 33 30
16 13 11 9 7 4
45 46 47 48 50 53
20 19 18 17 16 15 12
34 32 29 28 25
74 76 78 81 82 83 86
17 19 22 24 26 29 31 33
80 83 84 86 88 90 92 94
60 63 65 67 69 70 73 74
55 56 58 59 61
34 35 36 38 39 40 42 45
74 77 80 81 82
40 37 35 32 31 29 27 25
16 15 14 11 10
29 27 24 21 19
48 51 54 56 59 62
42 44 46 49 51 52
95 94 93 91 88
52 54 57 60 63
54 57 60 63 64 66 69
39 42 45 46 49 52
73 72 70 68 66 65 62 59
47 49 52 54 57 58 59
7 9 12 15 16 19 20 21
14 15 18 19 22 24
46 49 51 54 57
50 47 46 44 41 38 35
70 67 66 64 62 59 57
34 33 31 30 28 27 26 23
76 79 82 83 86 89 92
53 51 49 47 46 45
17 19 21 24 25
65 62 59 57 55 52 51 48
88 87 86 83 81 80 79 77
61 59 58 56 53 51
42 45 48 49 51 54 56
58 60 61 62 64
74 71 69 68 65 62 60
21 20 17 14 13 11 8
43 45 46 47 50 53 54
13 16 18 19 22 23 25
19 18 17 15 14 11 9
47 49 51 52 53 54 55 56
93 92 90 89 88 86 83 80
88 89 90 91 93 94 95 98
16 13 11 8 5
41 39 36 34 33 32 29 27
59 58 57 55 52 49
73 76 77 78 81 84 85 87
68 69 71 72 75 77 79
14 12 10 7 6
57 56 55 53 51 50 47
98 96 93 92 89 87
49 48 46 44 42 40
41 43 46 48 50
64 61 58 57 56 53 52
12 10 9 8 6 4
46 48 49 52 55
59 62 65 66 67 70 73
26 29 30 31 33 36
50 47 46 43 41 40 39 38
15 16 19 22 23 26 28
12 13 14 17 20 22 23 26
66 65 63 60 57 54
44 46 48 51 52
7 8 11 12 15 18 20 21
26 28 29 31 32 33
91 90 89 86 84 83 80 78
93 92 91 90 89 87
33 32 31 30 28 27 26
68 69 70 73 76
24 21 18 16 14 11 9 7
5 8 9 11 12
66 65 62 61 60 57 55 53
68 65 63 60 59 58 55
81 79 77 75 74 72
43 42 40 39 37 36
84 82 80 78 77
88 85 83 82 81 79 78 76
21 24 26 28 30 32 33 35
15 16 18 19 21 23 26
18 17 14 11 8 7
52 53 56 59 60 63 65 67
33 34 35 38 39 40
61 62 63 65 66
23 21 19 16 13
3 6 8 10 12
80 77 76 74 72 70 69 66
29 26 23 20 18
59 58 55 54 52 50
51 54 57 59 60 62 63
33 35 36 39 40 43 44
34 32 31 29 27 26
65 64 61 60 57
31 30 27 24 21 19 18 16
18 19 20 21 24
3 6 8 10 13 14
56 55 53 52 50 49
90 88 87 84 82
15 18 19 22 25
96 95 94 91 90 88
14 11 9 7 5 4 1
26 28 31 33 36 37 39
51 49 47 46 44 41
85 83 82 81 78 77 76
43 40 38 36 33
71 70 69 67 65 63 61
40 41 43 45 48 51
55 52 50 49 47 45 42 40
79 78 76 75 73 71
39 38 37 35 32
83 86 88 90 91
70 68 67 64 63 61 58 55
98 95 92 90 89 88 87 85
59 60 62 64 67 70 71 74
99 98 97 95 92 89 87
70 72 75 76 78 79 80
85 88 89 91 93 95
62 60 58 55 53 51 49 47
34 33 32 31 28 25 24 23
87 84 83 82 79
35 34 33 30 29 26
54 57 58 61 64 65
49 50 51 53 55 56
82 80 79 76 74
66 68 70 71 73 76 77 78
44 47 49 50 52 53 55 58
34 35 36 38 40 42
73 76 77 78 80 81
98 95 94 91 90
45 46 48 51 52
21 20 18 16 15 12 10
25 22 19 18 17 14 12 10
56 57 59 60 61 64 66
34 35 38 40 42 44 47
98 97 96 94 93 92 90
44 47 50 52 53 55 57
91 90 89 87 86 83
33 30 27 24 23 21 19
36 38 39 40 43
89 88 85 83 81 80
61 64 67 68 70 71 73
2 4 5 6 8 10
48 50 52 55 57 58
19 17 15 12 9 6 4
55 58 61 63 66 67 69 72
47 50 51 53 56 59
66 64 61 58 57 54 51 50
72 73 75 77 78 81 82
7 9 12 14 15 16 17
30 31 32 35 37 40 42 44
13 14 15 17 19 22
83 84 86 87 89 92 93
19 16 13 10 7 5 3 2
27 29 30 32 34
27 30 33 34 35 38 40
44 46 47 48 50
73 71 70 69 68 66 64 63
52 49 48 47 44
33 32 30 27 24 22 19 17
95 94 91 89 88 87
34 35 37 39 41 43 45
20 19 17 16 13
30 28 27 25 24 21 19
11 14 15 17 20 23
58 56 54 52 50
30 33 34 35 38
32 30 27 25 22 20 18 15
37 40 42 45 46
38 35 32 29 26 25
19 17 15 12 10 8 6
7 8 9 11 13
92 90 89 88 86
28 26 25 22 21 19 18
84 82 79 77 74 72 70
86 83 81 79 77 74
86 87 89 90 91 94 97
31 28 25 22 21
32 29 26 23 22 19 17
89 90 92 93 95
57 60 62 63 64
76 73 72 69 66
97 95 93 90 87 84
1 2 5 6 8
19 17 14 13 11
39 38 35 33 30
83 81 79 78 77
43 42 41 38 36 35 33 30
82 80 77 76 73 71 68
90 88 86 85 84 83
21 24 27 29 31 33 35 36
50 53 54 56 58 60 63
58 55 53 50 48 46 45
72 75 76 79 80 83 85
78 77 76 74 73 70 67
83 80 79 78 75 72
59 57 56 54 52 49 47
73 71 69 68 66 65 62
72 69 66 64 62
54 55 56 58 60
88 87 84 83 81 79 76
46 45 44 43 40 38
42 39 38 37 34 33
13 16 18 19 22 25 28 29
43 44 47 49 51
6 8 9 12 14 15 17
67 70 72 74 75 76 79 80
76 75 73 72 71 70
44 46 48 50 53 56
29 31 32 33 36 39 42 43
15 18 19 20 22 23 26 28
95 94 91 89 87 85 82
49 47 45 43 40
51 54 56 57 60 63
68 71 74 75 76
26 28 31 32 35 37 38 39
33 35 36 37 39 41 44
96 95 94 93 92
54 57 58 60 62 65 68 69
10 13 15 18 20 22
57 60 63 64 67 69 71 74
36 37 39 40 43 45
79 81 84 87 90 92
89 88 87 85 82 79 76
64 62 60 59 56
20 17 16 14 13 12
39 40 42 44 46 49 52
97 96 94 91 90 87 84
19 18 15 14 11 10
76 78 80 81 82
41 43 46 49 52 55 57
24 22 19 18 15 14 11
52 51 50 47 44 41 40
20 23 26 27 28 31 33
84 81 78 77 74
47 50 53 55 57 60
51 54 55 58 61 64 65 66
37 40 41 44 46 49 51 52
23 24 25 27 28
79 78 75 74 72
49 50 53 54 57 58 60
49 52 55 58 60 61 63
33 31 30 29 26 25 22 21
17 14 11 9 7 4
79 81 84 87 89 91 94
89 86 83 81 80
90 88 87 85 82 80 77
58 59 60 62 65 66 67
57 56 53 52 49 48 46
12 15 17 20 22 25 26 29
34 37 39 42 45 48 51
14 15 18 21 24
64 63 61 58 56 55 52
78 75 73 72 70 69 68
77 78 81 84 87
26 24 21 20 19 17
37 40 43 44 46
56 59 60 62 64 65
75 78 80 81 83 85 87
82 79 77 76 73 71 70
37 40 43 46 48
65 64 62 59 56
81 80 79 77 76 75 73
68 71 72 73 75 76 79 80
28 25 22 19 17
27 24 21 19 17 16
52 49 47 46 44
57 54 53 50 49
72 71 70 68 67 64
25 26 29 32 34 36 39
85 88 89 90 91 93 95
21 24 25 28 31 34
35 33 30 28 27 26 24
11 9 7 5 2
10 11 14 15 16 17 18
76 79 81 84 85
43 46 47 48 49
26 27 30 31 32 33
13 15 16 19 21 23 24
45 48 50 53 54
94 92 90 87 86 85 84
59 56 53 50 49
28 26 25 22 20 17 16 15
50 49 48 47 44
58 57 56 54 53 51 49
44 46 48 50 53 54 56
63 64 66 68 70 71 72 74
92 91 90 87 86 83
18 16 14 13 12 11
60 63 64 67 68
30 27 26 24 21 18
77 80 82 85 87 88 91
78 75 74 73 70 67 65
10 13 14 16 17 20 21 23
46 44 41 40 39 36
88 87 85 82 81 79 76 73
42 44 46 49 50 53 54 57
55 52 49 46 45 42 41 40
87 84 82 81 78 76 73 71
62 65 67 69 71 74
35 36 39 42 43 45 46
59 58 55 53 51 50
22 19 18 17 15
76 77 80 81 84
48 47 45 44 41 39
69 67 64 63 61 59 57 55
91 90 87 85 84 81
39 36 33 31 30 27 24 21
79 82 83 84 85 86
96 93 92 89 88 86
15 14 12 9 8 6 4
76 74 73 70 69 67
34 32 30 27 25 24
62 65 68 70 72
26 28 29 30 33 36 37 40
61 64 65 66 67 68
19 20 22 24 26 29 30 31
80 83 84 87 89
96 95 92 89 87 86 83 80
96 95 93 90 89 87 85 84
48 50 53 56 57 58 61 62
27 29 32 33 36 38 41 42
78 80 82 83 85 87 90 93
67 64 62 59 58 57 56 55
69 71 73 76 78
57 55 53 51 48 45 42 41
18 19 21 22 25 28 30 31
86 83 81 79 77 76
32 29 28 25 23 22 20 19
58 60 61 62 63
66 65 63 62 60 57 56
48 49 50 53 54 55 58 60
74 71 70 67 64 62 61
65 62 59 56 53 51
66 68 69 71 74 77
67 69 71 73 75 76 77 80
13 15 18 20 21
40 43 44 45 46 47
42 41 39 37 34 32
13 11 10 9 6 4
48 51 54 57 59 62 65
64 62 60 59 58 55
47 44 43 42 41
82 84 86 89 90 92
83 85 86 88 91 93
53 55 57 60 62 64
19 17 16 15 12 9 6
79 77 75 73 71 69 67 65
74 77 78 81 84 86
54 53 50 47 46 43
98 95 94 93 91 88
94 91 89 86 85 83
98 97 96 94 93 91 90 88
85 82 80 79 76
81 83 86 87 90 93 96
74 77 78 80 82
29 27 26 24 22 19
24 26 27 30 33 34 37 39
17 19 20 23 25 28
76 74 71 69 67